1 0.259134 0.687961 0.391254 0.312039
1 0.175381 0.606265 0.338680 0.291155
1 0.669340 0.385135 0.240866 0.229730
1 0.564190 0.323096 0.221303 0.216216
1 0.533623 0.851351 0.365578 0.297297
1 0.786105 0.902334 0.210299 0.195332
1 0.899202 0.487101 0.194404 0.303440
1 0.805056 0.170762 0.162615 0.162162
1 0.902258 0.204545 0.149166 0.173219
1 0.952388 0.075553 0.090478 0.136364
1 0.374676 0.262899 0.226194 0.171990
1 0.289089 0.240786 0.189514 0.174447
1 0.626546 0.124693 0.179732 0.131450
1 0.163154 0.192260 0.194404 0.141278
1 0.434587 0.074939 0.167506 0.125307
1 0.361838 0.065111 0.124712 0.120393
1 0.116082 0.160319 0.195627 0.148649
1 0.806279 0.044840 0.130826 0.089680
1 0.722526 0.039312 0.095368 0.078624
1 0.559911 0.105651 0.161392 0.137592